1	30975
2	91437
3	110930
4	110918
5	70121
6	49233
7	40881
8	27254
9	17964
10	13533
11	7870
12	5062
13	3867
14	3077
15	2782
16	2443
17	2030
18	2252
19	2839
20	3354
21	3902
22	3820
23	2656
24	1598
25	927
26	659
27	455
28	336
29	186
30	123
31	83
32	69
33	72
34	59
35	41
36	34
37	34
38	45
39	36
40	33
41	18
42	16
43	27
44	11
45	25
46	14
47	9
48	9
49	13
50	15
51	7
52	8
53	17
54	3
55	7
56	11
57	11
58	7
59	5
60	1
61	14
62	12
63	8
64	5
65	12
66	3
67	5
68	13
69	2
70	4
71	1
72	4
73	1
74	6
75	5
76	5
77	1
78	1
79	2
80	3
81	4
82	8
83	2
84	2
85	4
86	1
88	1
89	2
90	1
91	1
92	1
93	7
95	1
98	3
99	1
101	3
102	1
103	3
105	1
106	2
112	1
114	1
121	1
122	1
133	1
135	1
153	1
234	1
246	1
